15 15 1679888515
21 17 1679888515
37 18 1679888515
49 19 1679888515
112 20 1679888515
129 23 1679888515
132 24 1679888515
142 25 1679888515
15 14.9168 1679888545
21 16.9557 1679888545
37 18.0328 1679888545
49 19.0111 1679888545
112 19.874 1679888545
129 23.0497 1679888545
132 23.8948 1679888545
142 25.031 1679888545
15 14.9642 1679888575
21 16.8837 1679888575
37 17.9529 1679888575
49 19.0872 1679888575
112 19.6401 1679888575
129 22.9829 1679888575
132 24.1299 1679888575
142 24.8137 1679888575
15 15.0092 1679888605
21 16.9081 1679888605
37 18.0897 1679888605
49 19.1268 1679888605
112 19.6034 1679888605
129 23.0812 1679888605
132 24.0961 1679888605
142 24.5718 1679888605
15 14.9653 1679888635
21 16.9931 1679888635
37 18.1096 1679888635
49 19.3019 1679888635
112 19.5658 1679888635
129 23.1999 1679888635
132 24.2809 1679888635
142 24.3859 1679888635
15 14.9036 1679888665
21 16.9782 1679888665
37 18.3504 1679888665
49 19.1728 1679888665
112 19.4426 1679888665
129 23.3872 1679888665
132 24.1855 1679888665
142 24.5145 1679888665
15 14.8564 1679888695
21 17.1474 1679888695
37 18.2716 1679888695
49 19.1646 1679888695
112 19.2343 1679888695
129 23.2126 1679888695
132 24.0891 1679888695
142 24.6155 1679888695
15 14.9884 1679888725
21 17.0131 1679888725
37 18.4989 1679888725
49 19.1125 1679888725
112 19.0582 1679888725
129 23.3218 1679888725
132 23.8411 1679888725
142 24.8599 1679888725
15 14.8548 1679888755
21 16.9742 1679888755
37 18.3337 1679888755
49 19.0577 1679888755
112 19.062 1679888755
129 23.1094 1679888755
132 23.5962 1679888755
142 24.9504 1679888755
15 15.0184 1679888785
21 16.8631 1679888785
37 18.3131 1679888785
49 19.3025 1679888785
112 19.2062 1679888785
129 22.8872 1679888785
132 23.5614 1679888785
142 25.0096 1679888785
15 15.0654 1679888815
21 16.7512 1679888815
37 18.2787 1679888815
49 19.1832 1679888815
112 19.0708 1679888815
129 22.9421 1679888815
132 23.4947 1679888815
142 25.1932 1679888815
15 15.2405 1679888845
21 16.8946 1679888845
37 18.2639 1679888845
49 19.3567 1679888845
112 18.9659 1679888845
129 22.7913 1679888845
132 23.44 1679888845
142 25.2315 1679888845
15 15.2266 1679888875
21 16.9975 1679888875
37 18.1782 1679888875
49 19.3862 1679888875
112 19.1573 1679888875
129 22.6564 1679888875
132 23.5992 1679888875
142 25.4255 1679888875
15 15.2195 1679888905
21 17.198 1679888905
37 18.0669 1679888905
49 19.3189 1679888905
112 18.9129 1679888905
129 22.5806 1679888905
132 23.3926 1679888905
142 25.4349 1679888905
15 15.0975 1679888935
21 16.982 1679888935
37 18.0011 1679888935
49 19.5424 1679888935
112 18.7854 1679888935
129 22.594 1679888935
132 23.2335 1679888935
142 25.5088 1679888935
15 14.8698 1679888965
21 16.7395 1679888965
37 18.215 1679888965
49 19.7478 1679888965
112 19.0233 1679888965
129 22.7825 1679888965
132 23.4089 1679888965
142 25.6486 1679888965
15 14.8951 1679888995
21 16.5386 1679888995
37 18.3019 1679888995
49 19.5834 1679888995
112 19.2005 1679888995
129 22.9221 1679888995
132 23.3053 1679888995
142 25.558 1679888995
15 14.8145 1679889025
21 16.5515 1679889025
37 18.4195 1679889025
49 19.8245 1679889025
112 19.0291 1679889025
129 22.9057 1679889025
132 23.1132 1679889025
142 25.6641 1679889025
15 14.9259 1679889055
21 16.5498 1679889055
37 18.3804 1679889055
49 19.866 1679889055
112 18.8172 1679889055
129 22.8873 1679889055
132 23.1742 1679889055
142 25.4759 1679889055
15 15.0543 1679889085
21 16.6526 1679889085
37 18.5285 1679889085
49 19.8443 1679889085
112 18.6188 1679889085
129 22.8012 1679889085
132 23.3724 1679889085
142 25.622 1679889085
15 15.0476 1679889115
21 16.685 1679889115
37 18.7747 1679889115
49 19.9686 1679889115
112 18.7314 1679889115
129 22.5731 1679889115
132 23.4976 1679889115
142 25.5794 1679889115
15 15.0442 1679889145
21 16.7385 1679889145
37 18.888 1679889145
49 19.9601 1679889145
112 18.8046 1679889145
129 22.8028 1679889145
132 23.3972 1679889145
142 25.3848 1679889145
15 14.8314 1679889175
21 16.9499 1679889175
37 18.967 1679889175
49 20.1265 1679889175
112 18.8591 1679889175
129 22.8755 1679889175
132 23.5743 1679889175
142 25.5376 1679889175
15 14.6382 1679889205
21 16.7819 1679889205
37 18.7545 1679889205
49 20.2981 1679889205
112 18.952 1679889205
129 22.7214 1679889205
132 23.7392 1679889205
142 25.3581 1679889205
15 14.7872 1679889235
21 16.8283 1679889235
37 18.9529 1679889235
49 20.3989 1679889235
112 19.0056 1679889235
129 22.6963 1679889235
132 23.7857 1679889235
142 25.2846 1679889235
15 14.9746 1679889265
21 17.0255 1679889265
37 18.7632 1679889265
49 20.5701 1679889265
112 18.8942 1679889265
129 22.6809 1679889265
132 23.7955 1679889265
142 25.487 1679889265
15 14.7496 1679889295
21 17.2691 1679889295
37 18.8448 1679889295
49 20.7864 1679889295
112 18.7178 1679889295
129 22.8915 1679889295
132 23.5663 1679889295
142 25.2623 1679889295
15 14.7404 1679889325
21 17.452 1679889325
37 18.5995 1679889325
49 20.5613 1679889325
112 18.7292 1679889325
129 22.9413 1679889325
132 23.3866 1679889325
142 25.4704 1679889325
15 14.5127 1679889355
21 17.4929 1679889355
37 18.4468 1679889355
49 20.3987 1679889355
112 18.5751 1679889355
129 22.792 1679889355
132 23.4191 1679889355
142 25.2868 1679889355
15 14.363 1679889385
21 17.6622 1679889385
37 18.4175 1679889385
49 20.3752 1679889385
112 18.8241 1679889385
129 22.7657 1679889385
132 23.1823 1679889385
142 25.3043 1679889385
15 14.5383 1679889415
21 17.569 1679889415
37 18.2619 1679889415
49 20.4015 1679889415
112 18.6238 1679889415
129 22.6552 1679889415
132 23.3223 1679889415
142 25.527 1679889415
15 14.544 1679889445
21 17.6883 1679889445
37 18.1912 1679889445
49 20.5731 1679889445
112 18.7241 1679889445
129 22.5493 1679889445
132 23.2075 1679889445
142 25.5795 1679889445
15 14.5523 1679889475
21 17.9313 1679889475
37 18.1584 1679889475
49 20.3479 1679889475
112 18.9617 1679889475
129 22.6858 1679889475
132 23.4548 1679889475
142 25.522 1679889475
15 14.6615 1679889505
21 18.12 1679889505
37 18.0828 1679889505
49 20.3471 1679889505
112 19.0941 1679889505
129 22.8351 1679889505
132 23.3648 1679889505
142 25.5268 1679889505
15 14.5804 1679889535
21 17.9782 1679889535
37 17.944 1679889535
49 20.1316 1679889535
112 19.0287 1679889535
129 22.803 1679889535
132 23.5022 1679889535
142 25.3591 1679889535
15 14.4299 1679889565
21 18.0156 1679889565
37 18.0513 1679889565
49 20.1216 1679889565
112 18.9922 1679889565
129 23.0066 1679889565
132 23.3707 1679889565
142 25.1192 1679889565
15 14.464 1679889595
21 18.1219 1679889595
37 17.8651 1679889595
49 20.1759 1679889595
112 18.963 1679889595
129 23.1152 1679889595
132 23.3846 1679889595
142 25.0709 1679889595
15 14.3222 1679889625
21 17.9209 1679889625
37 17.8252 1679889625
49 19.981 1679889625
112 19.2024 1679889625
129 23.3512 1679889625
132 23.2065 1679889625
142 25.1059 1679889625
15 14.1351 1679889655
21 18.1271 1679889655
37 18.0676 1679889655
49 20.1031 1679889655
112 19.4295 1679889655
129 23.5966 1679889655
132 23.0832 1679889655
142 25.0067 1679889655
15 14.1192 1679889685
21 17.9133 1679889685
37 18.0031 1679889685
49 20.0753 1679889685
112 19.5294 1679889685
129 23.3552 1679889685
132 23.1449 1679889685
142 25.1704 1679889685
15 13.9164 1679889715
21 17.7994 1679889715
37 17.8264 1679889715
49 20.0054 1679889715
112 19.6308 1679889715
129 23.2498 1679889715
132 23.3189 1679889715
142 25.37 1679889715
15 14.0676 1679889745
21 17.9396 1679889745
37 17.9422 1679889745
49 20.1603 1679889745
112 19.3836 1679889745
129 23.4959 1679889745
132 23.1163 1679889745
142 25.4719 1679889745
15 13.8524 1679889775
21 18.0583 1679889775
37 17.8692 1679889775
49 20.0707 1679889775
112 19.2604 1679889775
129 23.5683 1679889775
132 23.1751 1679889775
142 25.3082 1679889775
15 13.9882 1679889805
21 17.81 1679889805
37 17.7407 1679889805
49 20.1805 1679889805
112 19.1613 1679889805
129 23.4586 1679889805
132 23.1406 1679889805
142 25.1426 1679889805
15 14.0648 1679889835
21 17.6522 1679889835
37 17.8898 1679889835
49 20.1919 1679889835
112 18.9596 1679889835
129 23.402 1679889835
132 23.3327 1679889835
142 25.3817 1679889835
15 14.2914 1679889865
21 17.5619 1679889865
37 18.0105 1679889865
49 20.3102 1679889865
112 18.8485 1679889865
129 23.6185 1679889865
132 23.2542 1679889865
142 25.3847 1679889865
15 14.364 1679889895
21 17.744 1679889895
37 17.867 1679889895
49 20.3211 1679889895
112 18.8883 1679889895
129 23.862 1679889895
132 23.4215 1679889895
142 25.4299 1679889895
15 14.2202 1679889925
21 17.5015 1679889925
37 17.7867 1679889925
49 20.1193 1679889925
112 18.9555 1679889925
129 23.7827 1679889925
132 23.3184 1679889925
142 25.623 1679889925
15 14.3364 1679889955
21 17.3196 1679889955
37 17.5724 1679889955
49 20.2041 1679889955
112 18.8247 1679889955
129 23.6868 1679889955
132 23.0727 1679889955
142 25.7935 1679889955
15 14.2522 1679889985
21 17.082 1679889985
37 17.8095 1679889985
49 20.0345 1679889985
112 18.8141 1679889985
129 23.6026 1679889985
132 23.3063 1679889985
142 25.7373 1679889985
